711719566427
711719573371
711719541028
889842651317
194252048955
815820022688
889842640724
815820022466
45496883386
196388179923
194252543276
194253378778
194252721247
814585021271
815820024033
711719541080
195949017612
753759271831
194252818381
194252048986
27242921481
195949052484
45496883409
194253378815
887276550787
711719560180
818279027211
194252244944
194252245033
887276550282
194253324034
711719541950
887276552644
45496452636
811138039813
195348604611
195949017650
197105131057
194252697412
194252049013
887276550213
753759227845
190198893277
810029930536
887276551005
194253378853
194252020531
195348644037
197192434925
821793052713
195949045974
884116364542
193386072614
195133139045
194252244975
17817745871
195891592496
195122339524
887276717128
810116380817
194252166406
194253400905
194252794593
887276554365
194253397168
194252165959
194253080411
195908603511
887276552248
840191500640
195553964814
887276576411
196118026909
195908698104
194252543948
887276552668
194252048962
194253241669
195949077643
887276550992
889842196344
711719546573
885155019615
17817801799
17817785617
811138036980
888462647823
45496590161
027242925762
889842686623
194252048993
889842668001
194252012376
887276536330
194252245095
842126101700
887276550886
615822013888
197192434895
197192369586
194252167304
887276553382
884116391791
194253183532
194252029008
810029930543
17817801751
17817746113
842126103742
889842729856
194253241935
194252020685
194252020562
194252020623
195133143110
889842797398
615822013864
45496590130
889842514063
824142336410
194252697559
884116392149
194252185353
27242923232
609585252905
887276550909
884116256816
46677560416
50036379533
195477511187
194253265146
27242922105
821793052249
194252515655
810056144692
13803325812
Z15S000D2
887276751351
194252545911
887276599281
194253083238
887276553429
885155026965
711719540991
17817787024
887276555089
194252388495
190199320260
889842178470
194253236290
818279029123
194252714096
810029931182
810029931175
840244700591
195477540088
194252588208
190199599956
4044155248821
190199098428
734005537805
196803434637
810012083249
194253776710
887276717197
840244705336
197497593099
887276747439
889842512465
27242910775
74101027501
815820023159
195553591782
887276644912
194253402220
194252697450
194252697474
97855130037
197532262218
753759232535
884116394174
194252795132
190021030787
884116345923
194252527429
194252593240
194252595145
194252588925
194252432938
27242919419
753759260538
46677560409
190199246850
194850470646
193108141284
888462313674
840272906774
195949000157
195949098901
711719541097
194252551042
887276552651
196068937935
824142260036
194252166857
884116392675
194252194805
887276600789
810029931205
194252185896
194252029091
194252028858
753759228002
6970357852123
45496882167
812674023038
190021064249
810056146252
824142319987
197105286924
194253826095
711719546627
810056145033
889842741445
195477732148
196379335857
889842738124
887276612409
887276625652
887276596778
884116386964
195133116763
6921815615613
887276607665
887276443584
810029930550
887276522975
194252245064
840244600037
622356565622
680140538863
858779002912
824142273722
194253710981
887276717203
196804447766
194252551066
194252551059
13803340631
884116373827
194253138334
195553151948
194252128800
196188129814
194253241393
194252020593
195713897112
194252037027
194252037058
810029937177
889842671179
194253422617
194252705391
27242920552
194252796757
810029930567
194252687390
195697828096
194252794869
885155023452
17817847681
884116269021
192158239729
46677560423
889842611588
194253433637
194253236313
840272906743
840272906705
194253317975
196803434651
195890562629
751492761237
195133181150
195553964852
196388122059
7090045251133
190021068995
887276588186
711719560364
194253097396
194252547298
194252624364
194253530329
194253083702
194252697535
194252020654
195949077674
884116412373
193199906984
194252037089
196379318461
195949035050
887276635026
810029937153
194252029152
194252029039
887276503998
840023217869
194252015254
194252571125
194252516461
194252522851
195174002889
194252594681
27242923249
887276554310
194252589649
27242921085
194252220061
711719540878
887276625591
195949000171
196804172514
810056143893
196380063978
887276766539
194252122945
194253778950
195949014840
887276460130
194253711926
887276651033
197105023598
196380063619
887276717135
196380068102
197497800784
194253712398
197105223509
194253378808
810075657807
194253401568
196804930404
196804929750
013803304909
887276523408
194253821298
887276626161
196118028170
887276666204
887276665696
194252196960
796435444730
887276626154
194253080886
194252697610
194252049020
887276599274
889842795448
194253242208
95673870135
195553702096
194252714188
196379319888
194253372363
889842670950
6921815619963
194252705544
887276609294
194252029183
194253422884
194253422945
195949035005
27242924642
13803316063
194252185629
814585021356
885609023106
194252028889
815820024071
194252723739
887276454269
753759211677
190199778412
194252819555
887276607658
887276590752
887276590783
190199883574
194253215035
840244600327
753759271862
97855146687
190021032057
796483553958
7340055358040
887276607368
840023207457
887276550893
27242921092
887276175508
17817798730
61582201579
193575007649
193575007670
97855124265
810056145057
194252546376
194252551073
196188288429
196801781689
196379344309
195908489146
884116384465
194253139232
889842725742
796435814083
884116391814
194253137887
50036364782
196548344390
194252020715
196388073658
884116395386
195133139038
810029931212
194252037119
196188260609
194252195345
887276611921
195908370697
190199778696
194252797563
840136800132
840244700621
887276635552
195133105842
194252014912
887276443591
840244700607
884116365891
796435813666
840136802327
887276522968
194252722411
194252527962
85896351757
796483555181
889842627039
840191500152
194253417279
17817798747
17817832014
887276541327
711719555148
45496596675
889842707106
889842611557
13803348941
27242920569
887276440620
13803325843
74101205756
610807895299
195713378871
74101201710
887276666181
884116391982
95673870227
195174027547
843368071332
19555362250
196379930779
887276646886
887276610573
195949017698
887276599311
194253082293
194252020746
13803343502
194252714218
196800345288
194253372417
194252195079
887276553405
887276553443
196188050309
810029937207
194252714157
887276668215
887276524580
13803323009
17817829151
840136800019
194253265412
810029931199
810029937160
845226018725
196548499335
18208200900
889523024898
194252091746
887276571041
887276635590
194252028940
194252687116
887276571089
887276557601
196802312516
194252528778
196786642326
194252507605
194252508763
719192641617
850016242549
194252795408
887276590776
887276590707
884116230670
194253215103
818279026627
190021028791
194252528501
194253387718
194253388258
17817846141
719192641624
818279026252
810029934930
42406088879
17817796163
840244602703
887276551982
17817835015
45496882648
50036380058
17817804516
887276438726
17817770613
887276553719
27242919426
194644016371
887276552446
46677555221
887276709000
824142286364
811138039769
841667138084
27242923003
887276517841
609585251434
841300101499
812674023892
50036374958
190198383396
887276547091
873124008616
194252917824
97855164551
194252542309
889842002669
27242918993
810056146290
13803325799
796435813710
18208016563
13803330458
27242899988
884116392996
27242923577
884116391463
27242888739
810056142766
27242910768
196379161166
27242895294
887276666242
195697733086
196548741618
884116392392
18208016426
194253030447
824142239827
196188099230
196548741601
196068075866
840046046033
778656081567
195174028865
821793052614
194252697634
194252697597
194252697573
195133117098
196548135752
195174006115
887276527116
194252697498
196118191027
195949077687
887276634876
194252697436
194252714300
885155017925
887276611686
810029937191
194253248446
887276668239
810029937184
194253248439
195891978351
887276634999
753759232634
887276625447
196188009338
885609022307
17817829137
194252195611
885155032959
194252705667
194252203859
194252029244
194253407980
887276442938
887276599250
194253143383
194253143413
194253143444
194253143536
194253422761
194252705421
887276571096
194252012758
194252012789
190199779259
840046039813
6921815615606
887276637549
840244700645
194252687253
194252092163
194252529317
194252529850
194252726853
885609030272
821793052034
889025116350
190199777859
190021028661
17817806930
17817815253
194252566350
194252566411
887276664484
194253387442
190199883956
190199882812
885609024561
885155015945
190199865945
190199866331
190199865556
194253214977
194253214984
840244600174
840244600365
97855146731
810029930154
195348677271
17817821018
17817835022
796483555167
193108140898
622356558389
97855148155
856560007412
17817770620
42406677356
887276553610
887276552491
817980016644
27242923386
97855157430
840102701203
878269008484
609585252608
193575007953
887276507651
887276517773
190021043367
753759257484
50036380218
193575007694
194252388297
193575007557
193575004754
97855165428
190199710405
889842716542
887276625607
810056146344
194252548219
194252547755
884116394662
884116393740
196379336243
27242923775
27242924727
27242920583
889842784602
196068888176
195553591775
810056146634
196118027128
194252187784
884116394419
195553468657
195174028087
196188832813
196068174262
196188425992
195553308885
196068888169
27242872066
195174028100
194253081821
194252125144
194253082767
196068544751
196548316007
887276612393
751492647715
194252439944
884116392170
196119029169
196388045655
887276625638
194253138785
27242916081
889842505436
196188009321
194252020777
194252020807
195174009116
887276513362
195553379861
194252697511
195949045998
194253081357
194252211625
195174029169
194253248453
194252714270
887276601366
887276448817
194252037171
194252037201
196119029176
887276611624
887276600796
887276626147
10343958593
887276671406
887276635033
195908327165
196068802738
27242885059
6921815619956
887276635095
194252808603
194252705575
194252705605
887276635057
190021054974
27242922044
887276611815
887276611983
194253143475
194253422709
194253422822
194253422853
194253422914
194253264873
74101201680
194252509050
194252509630
194252705513
194253422648
194253264606
195553859004
887276635576
194252571422
196379319932
27242922051
194253178545
194253363361
190199778979
190199779532
190199779815
194252834800
194252807101
194252797020
194253363651
195891187593
48231028912
27242924581
195697733000
840244700638
194252687185
887276535005
887276583389
887276571065
887276635514
195891977477
885609021751
885155025807
194252508183
885609026893
663296415240
885155015723
27242924598
194253389873
190199777293
887276413129
195891976289
887276590646
190021053809
5705260088021
878269009894
889842801309
878269009887
194253215219
194253215202
194252571248
190199832916
887276590790
719192641297
885609029559
5705260089950
5705260089998
5705260090031
194252516737
887276664453
194253215028
194253250784
195133000734
884116395911
810029934954
824142238042
190199870659
194253214991
857229006982
887276651903
194252590362
887276460123
622356577038
719192641976
45235922918
840244600075
17817783385
845226019807
193575008332
190021048263
194252515921
194253209584
887276607351
887276663531
887276450773
884116366263
887276664361
887276664330
824142296875
17817804523
887276607382
887276664408
796483553989
840080594262
840080535814
194253209393
50036375061
97855112767
195891581100
195235901090
842776109989
842776110060
887276668741
887276668703
887276552484
194644023508
42406630498
42406630818
27242919136
27242919266
190199701984
5705260090895
840023210006
711719579779
685417726189
193575007922
42406677196
27242923010
194644024932
17817798723
810038855868
97855127884
810038854441
887276546766
887276572796
810056141639
13803256871
97855151032
194644059187
194252458488
889842716511